-25 12 -0 1 -13 -16 18 10 23 -11 -28 -29 -32 -40
0 -106 -101 100 -104 107 -1 -117 -12 -113 20 31
23 1 102 0 100 -10 103 105 -101 108 -109 -110 -112 -119
135 101 0 1 -10 102 -103 104 111 113 110 115 119 100 -124
0 1 10 106 -104 101 -108 -105 11 110 -12 125 126 -145 -169
-148 -108 -100 0 1 -102 105 -107 10 101 104 110 114 115 -130 -158 -170 -221 237
102 -101 10 100 -104 105 -129 131 -137 -153 -157 16 14 -179 -192 -211
18 -102 0 -10 -100 -103 -106 109 -116 -128 162 170 202 205
12 106 104 -0 103 1 -100 -101 105 109 110 120 -128 13 -150 -162 -21 -210
-107 -113 -0 1 102 -10 -100 103 106 108 118 121 -13 -19 20 -200
201 -102 -10 -103 -0 100 107 -112 -111 -113 126 13 140 147 -166 210
102 -104 -105 0 -1 100 101 106 -110 103 113 124 157 -169 170 182 -190 237 254 276 282
-196 109 1 -10 0 -100 101 -106 -107 110 117 -125 -149 -261 -262 -345 346 -381 -383
245 100 1003 10 -0 -1000 -1007 1008 1009 1019 1022 -1015 -1030 1033 1066 -215 -225 373 406
1082 -1020 -1 1001 1000 -1005 -1006 1003 1002 -1015 -1009 1035 1038 -1045 -1057 1075 1125 1138 -1143 1202 -507
105 1023 1004 0 1 -10 -1005 1002 101 1030 -1050 -1075 1099 1104 -1311 1330 1351 230
-1034 1036 -1013 -1006 -10 -100 1002 -1004 1000 1007 -1001 -1005 -1009 -1012 102 -1050 1071 1080 1092 1150 -1165 1166 -1176 1190 1227 1274 -1289 1308
1007 -1002 0 -1008 -1 -10 -1004 1005 -1014 -1018 -1006 -1022 -1029 1032 -1040 -106 1092 1099 -1151 -1189 1204 1564
1003 -101 -1014 10 1 100 -1000 -1002 -1005 -1008 -1011 -1020 1022 -1025 -1027 1066 1074 -1096 1126 1154 1161 1162 127 -1332 -1341 -1416 1974
-1006 -100 -1001 1 -0 1000 -1003 1002 -1015 -1018 -1023 1043 -1046 -105 -1076 1087 -1103 -1191 1363 -1503 -1506 1663 -2545
-1181 1 -10 100 -1000 -0 -1002 1005 1003 1009 101 1012 -1028 1047 1057 -1058 1155 1375 1451 162 1980 2595 2935
-1040 -10 100 -1000 -1003 1002 -1006 -1005 -1007 -1 -1028 -1035 -1039 -1059 0 -106 1064 -1074 1299 1317 -145 -1510 1633 2161 3181
1071 1002 0 -10 1 -1000 1006 -1009 -1010 -1013 1014 -1016 1024 -1026 -1032 1053 -1056 -1060 -1079 1108 1194 -1275 -1848 2227
1117 -10 1001 1002 1 1000 -1003 1004 1006 1007 -1012 -1018 -1036 1044 1054 1080 1115 -1326 -1395 -142 -2046 -209
-1052 1007 0 -1 1001 -1006 -1008 -1013 -1028 -1029 -1038 -1045 -105 1086 -116 1273 1327 1341 -1103 1385 1418 1897 2316 2503 2767 -5271
-1038 100 1 10 -1000 0 -101 -1010 -1016 102 1037 1065 -1067 -1071 11 -1030 -113 1158 -1232 1254 -1263 1461 1463 -1770 -1940 -2684 -3248 -4033
100 -10001 1 -10000 -10 10003 -10005 -10008 10012 10004 -10019 -10015 1000 10030 10040 10045 1007 10079 -10104 -10158 10242 10244 10619 10691 -10771 -10997 -11299 2525 3113 -3488
-10014 0 1 1000 -10001 10002 10004 -10013 -10023 10025 10029 10039 -10065 1009 -10109 -10183 10405 10442 10497 -10577 10707 10725 -10895 10981 11193 -11329 11517 -12402 -12500 -5182
10003 -10002 -1 -10 -0 -10008 10009 -10004 -10010 10012 -10016 -1002 10026 10031 1004 10043 -10044 1008 1009 10103 10349 -10514 -10521 10582 -10747 -10776 -1084 -1138 12248 12804 -12970 15674
100 10010 10003 10000 1000 -10005 0 1 10014 10015 10022 10025 -10 10030 10039 10047 10060 10159 10240 -10306 -10424 10451 -11472 -12085 12653 12788 16563 16935
10028 10008 10 10000 -0 10007 10009 -10005 -1001 10014 10018 10021 10033 10035 -10085 101 -10110 -10132 10242 10278 -10462 10903 -11101 -11122 1114 11176 -11224 11374 12678 14220 -15672 -19300 21726
-10055 -0 1 -10 1000 100 -10000 -10007 -10006 -10008 -10015 -10026 10028 -10047 10054 10058 10082 10194 -10291 -10359 10524 -10615 -1064 1072 -11189 -11339 13763 15815 17678 20877
