-25 12 -0 1 -13 -16 18 10 23 -11 -28 -29 -32 -40
0 -106 -101 100 -104 107 -1 -117 -12 -113 20 31
23 1 102 0 100 -10 103 105 -101 108 -109 -110 -112 -119
135 101 0 1 -10 102 -103 104 111 113 110 115 119 100 -124
0 1 10 106 -104 101 -108 -105 11 110 -12 125 126 -145 -169
-148 -108 -100 0 1 -102 105 -107 10 101 104 110 114 115 -130 -158 -170 -221 237
102 -101 10 100 -104 105 -129 131 -137 -153 -157 16 14 -179 -192 -211
18 -102 0 -10 -100 -103 -106 109 -116 -128 162 170 202 205
12 106 104 -0 103 1 -100 -101 105 109 110 120 -128 13 -150 -162 -21 -210
-107 -113 -0 1 102 -10 -100 103 106 108 118 121 -13 -19 20 -200
201 -102 -10 -103 -0 100 107 -112 -111 -113 126 13 140 147 -166 210
102 -104 -105 0 -1 100 101 106 -110 103 113 124 157 -169 170 182 -190 237 254 276 282
-196 109 1 -10 0 -100 101 -106 -107 110 117 -125 -149 -261 -262 -345 346 -381 -383
245 100 1003 10 -0 -1000 -1007 1008 1009 1019 1022 -1015 -1030 1033 1066 -215 -225 373 406
1082 -1020 -1 1001 1000 -1005 -1006 1003 1002 -1015 -1009 1035 1038 -1045 -1057 1075 1125 1138 -1143 1202 -507
105 1023 1004 0 1 -10 -1005 1002 101 1030 -1050 -1075 1099 1104 -1311 1330 1351 230
-1034 1036 -1013 -1006 -10 -100 1002 -1004 1000 1007 -1001 -1005 -1009 -1012 102 -1050 1071 1080 1092 1150 -1165 1166 -1176 1190 1227 1274 -1289 1308
1007 -1002 0 -1008 -1 -10 -1004 1005 -1014 -1018 -1006 -1022 -1029 1032 -1040 -106 1092 1099 -1151 -1189 1204 1564
